23
36
51
53
60
8
20
46
53
54
9
32
36
44
65
8
15
31
36
62
18
31
32
45
48
2
9
27
29
42
13
25
44
54
67
16
30
41
48
53
1
26
41
50
57
23
33
42
46
59
2
18
19
22
63
10
16
40
52
55
6
32
47
62
65
10
13
28
52
61
3
7
9
31
33
5
28
33
38
42
5
9
17
37
64
14
20
42
49
66
6
13
16
17
52
9
43
57
60
64
12
20
39
49
69
18
28
62
66
68
23
25
45
52
67
9
40
41
53
58
23
55
59
64
69
1
3
13
16
43
3
12
24
37
63
16
17
29
41
42
1
3
28
57
67
16
23
30
44
58
28
38
42
51
52
25
33
40
54
68
1
8
16
40
48
18
26
37
39
66
12
21
32
44
66
41
48
49
53
64
8
10
26
27
33
3
14
18
25
45
17
19
21
37
44
7
32
41
47
61
16
24
28
43
61
28
41
61
63
65
8
17
20
27
52
1
25
28
31
54
21
31
50
51
69
13
18
37
54
61
19
20
21
42
48
2
3
16
48
56
1
28
33
55
56
10
16
38
43
63
23
49
57
64
67
2
9
27
29
42
18
31
32
45
48
8
15
31
36
62
9
32
36
44
65
8
20
46
53
54
23
36
51
53
60
8
14
61
63
68
5
22
26
45
61
1
19
37
40
52
21
39
41
48
63